service_id,monday,tuesday,wednesday,thursday,friday,saturday,sunday,start_date,end_date,feed_days_count,service_days_count,each_day_count,dof,actual_dof,dof_group,regular_service,mf_label
aaVIC1706-1706WK-Weekday-68,1,1,1,1,1,0,0,20170817,20170901,109,12,0;2;2;2;3;3;0,12345,,,0.19,
aaVIC1706-1706WK-Weekday-68-0000100,0,0,0,0,1,0,0,20170817,20170901,109,3,0;0;0;0;0;3;0,5,,,0.19,
aaVIC1706-1706WK-Weekday-68-1111000,1,1,1,1,0,0,0,20170817,20170901,109,9,0;2;2;2;3;0;0,1234,,,0.19,
aaVIC1706-1706SATR-Saturday-09,0,0,0,0,0,1,0,20170819,20170902,109,3,0;0;0;0;0;0;3,6,,,0.19,
aaVIC1706-1706SUNR-Sunday-06,0,0,0,0,0,0,1,20170820,20170903,109,3,3;0;0;0;0;0;0,0,,,0.19,
aaVIC1709-1709SUNR-Sunday-07,0,0,0,0,0,0,1,20170904,20170904,109,1,0;1;0;0;0;0;0,0,,,0.06,
aaVIC1709-1709WK-Weekday-38,1,1,1,1,1,0,0,20170905,20171201,109,62,0;10;13;13;13;13;0,12345,2345,1,0.83,TWThF
aaVIC1709-1709WK-Weekday-38-0000100,0,0,0,0,1,0,0,20170905,20171201,109,13,0;0;0;0;0;13;0,5,5,1,0.83,F
aaVIC1709-1709WK-Weekday-38-1111000,1,1,1,1,0,0,0,20170905,20171201,109,49,0;10;13;13;13;0;0,1234,234,1,0.83,TWTh
aaVIC1709-1709WK-Weekday-38-1101000,1,1,0,1,0,0,0,20170905,20171201,109,36,0;10;13;0;13;0;0,124,24,1,0.83,TTh
aaVIC1709-1709WK-Weekday-38-0010100,0,0,1,0,1,0,0,20170905,20171201,109,26,0;0;0;13;0;13;0,35,35,1,0.83,WF
aaVIC1709-1709SA-Saturday-16,0,0,0,0,0,1,0,20170909,20171202,109,12,0;0;0;0;0;0;12,6,6,2,0.77,
aaVIC1709-1709SUNR-Sunday-25,0,0,0,0,0,0,1,20170910,20171203,109,13,13;0;0;0;0;0;0,0,0,3,0.83,
aaVIC1709-THANDY17-Sunday-27,0,0,0,0,0,0,1,20171009,20171009,109,1,0;1;0;0;0;0;0,0,,,0.06,
aaVIC1709-1709SA-Saturday-18,0,0,0,0,0,1,0,20171111,20171111,109,1,0;0;0;0;0;0;1,6,,,0.06,
aaVIC1709-1709SA-Saturday-19,0,0,0,0,0,1,0,20171113,20171113,109,1,0;1;0;0;0;0;0,6,,,0.06,
